[gd_scene load_steps=4 format=3 uid="uid://dxme2is04lpyx"]

[sub_resource type="PhysicsMaterial" id="PhysicsMaterial_4xowi"]

[sub_resource type="BoxShape3D" id="BoxShape3D_a202f"]
size = Vector3(14.091171, 2.708496, 5.1845703)

[sub_resource type="BoxMesh" id="BoxMesh_noarx"]
size = Vector3(5, 1, 1)

[node name="Node3D" type="Node3D"]

[node name="StaticBody3D" type="StaticBody3D" parent="."]
transform = Transform3D(1, 0, 0, 0, 1, 0, 0, 0, 1, 0, 0.57244647, 0)
physics_material_override = SubResource("PhysicsMaterial_4xowi")

[node name="CollisionShape3D" type="CollisionShape3D" parent="StaticBody3D"]
transform = Transform3D(1, 0, 0, 0, 0.98531866, 0.17072544, 0, -0.17072544, 0.98531866, -2.430626, 0.85424805, -2.0922852)
shape = SubResource("BoxShape3D_a202f")

[node name="MeshInstance3D" type="MeshInstance3D" parent="StaticBody3D"]
transform = Transform3D(1, 0, 0, 0, -0.92836916, 0.37165946, 0, -0.37165946, -0.92836916, 2.6987948, 0.30442846, 1.4684114)
mesh = SubResource("BoxMesh_noarx")

[node name="DirectionalLight3D" type="DirectionalLight3D" parent="."]
transform = Transform3D(0.99875706, 0.043826867, 0.023739625, -0.049843397, 0.87819844, 0.47569224, 0, -0.47628424, 0.87929136, -5.8999224, 1.8832297, 2.194303)

[node name="Camera3D" type="Camera3D" parent="."]
transform = Transform3D(1, 0, 0, 0, -0.04531064, 0.99897295, 0, -0.99897295, -0.04531064, 0, 7.171465, 0)
